[
  {
    "control": 1841,
    "stack_op": 343,
    "mov": 16800,
    "others": 6650,
    "control_proportion": 0.0718186783178591,
    "stack_op_proportion": 0.013380666302566903,
    "mov_proportion": 0.6553795740032768,
    "others_proportion": 0.2594210813762971
  },
  {
    "xor": 1553,
    "pop": 95,
    "mov": 15958,
    "and": 568,
    "push": 172,
    "call": 467,
    "add": 1025,
    "lea": 136,
    "hlt": 1,
    "ret": 123,
    "xchg": 31,
    "nop": 19,
    "repz": 3,
    "sub": 148,
    "cmp": 182,
    "ja": 32,
    "test": 142,
    "je": 225,
    "movl": 561,
    "leave": 74,
    "sar": 3,
    "shr": 173,
    "jne": 136,
    "cmpb": 51,
    "movb": 111,
    "jmp": 242,
    "cmpl": 137,
    "jbe": 9,
    "divl": 8,
    "neg": 1,
    "addl": 71,
    "movzbl": 156,
    "movsbl": 10,
    "jb": 14,
    "movzwl": 4,
    "sete": 9,
    "subl": 3,
    "jae": 43,
    "setne": 11,
    "adcl": 5,
    "or": 421,
    "jle": 10,
    "andb": 2,
    "jg": 9,
    "js": 6,
    "jns": 7,
    "shl": 45,
    "shld": 633,
    "shrd": 1002,
    "adc": 764,
    "cmovbe": 1,
    "andl": 1,
    "rep": 1,
    "jl": 4,
    "imul": 3,
    "jge": 2,
    "div": 4,
    "bsr": 1,
    "sbb": 3,
    "mull": 1,
    "pushl": 2
  }
]