[
  {
    "control": 1556,
    "stack_op": 315,
    "mov": 3045,
    "others": 854,
    "control_proportion": 0.26967071057192377,
    "stack_op_proportion": 0.05459272097053726,
    "mov_proportion": 0.5277296360485269,
    "others_proportion": 0.14800693240901214
  },
  {
    "xor": 51,
    "pop": 86,
    "mov": 2539,
    "and": 18,
    "push": 154,
    "call": 388,
    "add": 283,
    "lea": 119,
    "hlt": 1,
    "ret": 117,
    "xchg": 42,
    "nop": 17,
    "repz": 3,
    "sub": 155,
    "cmp": 156,
    "ja": 29,
    "test": 113,
    "je": 165,
    "movl": 297,
    "leave": 73,
    "sar": 3,
    "shr": 16,
    "jne": 124,
    "cmpb": 33,
    "movb": 99,
    "jmp": 201,
    "addl": 49,
    "cmpl": 129,
    "movzbl": 100,
    "jle": 12,
    "sete": 5,
    "shl": 36,
    "movsbl": 8,
    "cmovbe": 2,
    "jb": 9,
    "setne": 11,
    "adc": 3,
    "jg": 13,
    "js": 6,
    "jns": 6,
    "subl": 1,
    "or": 11,
    "jae": 43,
    "jbe": 6,
    "rep": 1,
    "movzwl": 2,
    "jl": 4,
    "divl": 8,
    "imul": 3,
    "neg": 1,
    "jge": 2,
    "div": 8,
    "bsr": 2,
    "mull": 2,
    "sbb": 3,
    "pushl": 2
  }
]