[
  {
    "control": 3473,
    "stack_op": 417,
    "mov": 6110,
    "others": 1512,
    "control_proportion": 0.3016851980542043,
    "stack_op_proportion": 0.03622307157748436,
    "mov_proportion": 0.5307505211952745,
    "others_proportion": 0.13134120917303682
  },
  {
    "xor": 82,
    "pop": 99,
    "mov": 4829,
    "and": 50,
    "push": 215,
    "call": 797,
    "add": 492,
    "lea": 224,
    "hlt": 1,
    "ret": 154,
    "xchg": 43,
    "nop": 31,
    "repz": 3,
    "sub": 268,
    "cmp": 348,
    "ja": 43,
    "test": 372,
    "je": 414,
    "movl": 630,
    "leave": 99,
    "sar": 5,
    "shr": 22,
    "jne": 296,
    "cmpb": 50,
    "movb": 199,
    "jmp": 553,
    "movzbl": 346,
    "addl": 124,
    "cmpl": 222,
    "movsbl": 58,
    "jg": 33,
    "shl": 62,
    "jle": 24,
    "movzwl": 48,
    "setne": 14,
    "andb": 1,
    "cmovle": 1,
    "jl": 14,
    "setg": 1,
    "jb": 18,
    "seta": 2,
    "jns": 10,
    "jbe": 39,
    "subl": 6,
    "jae": 69,
    "adc": 8,
    "cltd": 4,
    "sbb": 3,
    "not": 2,
    "neg": 8,
    "js": 13,
    "jge": 4,
    "imul": 15,
    "rep": 1,
    "sete": 8,
    "or": 10,
    "divl": 7,
    "mul": 3,
    "orl": 1,
    "div": 6,
    "shll": 1,
    "bsr": 1,
    "notl": 1,
    "mull": 1,
    "pushl": 4
  }
]