[
  {
    "control": 1832,
    "stack_op": 321,
    "mov": 5740,
    "others": 3075,
    "control_proportion": 0.16703136396790663,
    "stack_op_proportion": 0.029266958424507657,
    "mov_proportion": 0.5233406272793582,
    "others_proportion": 0.28036105032822756
  },
  {
    "xor": 639,
    "pop": 82,
    "mov": 5045,
    "and": 230,
    "push": 161,
    "call": 467,
    "add": 733,
    "lea": 253,
    "hlt": 1,
    "ret": 123,
    "xchg": 32,
    "nop": 20,
    "repz": 3,
    "sub": 147,
    "cmp": 178,
    "ja": 30,
    "test": 142,
    "je": 225,
    "movl": 414,
    "leave": 76,
    "sar": 3,
    "shr": 127,
    "jne": 136,
    "cmpb": 51,
    "movb": 111,
    "jmp": 242,
    "cmpl": 137,
    "jbe": 9,
    "divl": 8,
    "neg": 1,
    "addl": 70,
    "movzbl": 156,
    "movsbl": 10,
    "jb": 11,
    "movzwl": 4,
    "sete": 9,
    "subl": 4,
    "jae": 43,
    "setne": 11,
    "adcl": 5,
    "or": 162,
    "jle": 10,
    "andb": 2,
    "jg": 9,
    "js": 6,
    "jns": 7,
    "shl": 23,
    "cmovbe": 1,
    "andl": 1,
    "setb": 1,
    "ror": 576,
    "rep": 1,
    "jl": 4,
    "imul": 3,
    "jge": 2,
    "div": 4,
    "bsr": 1,
    "sbb": 3,
    "mull": 1,
    "pushl": 2
  }
]