[
  {
    "control": 1486,
    "stack_op": 289,
    "mov": 2691,
    "others": 640,
    "control_proportion": 0.291030160595378,
    "stack_op_proportion": 0.05660007833920878,
    "mov_proportion": 0.527027027027027,
    "others_proportion": 0.12534273403838622
  },
  {
    "xor": 47,
    "pop": 72,
    "mov": 2194,
    "and": 20,
    "push": 149,
    "call": 357,
    "add": 199,
    "lea": 99,
    "hlt": 1,
    "ret": 107,
    "xchg": 37,
    "nop": 12,
    "repz": 3,
    "sub": 123,
    "cmp": 148,
    "ja": 29,
    "test": 98,
    "je": 163,
    "movl": 261,
    "leave": 64,
    "sar": 3,
    "shr": 8,
    "jne": 109,
    "cmpb": 53,
    "movb": 125,
    "jmp": 202,
    "divl": 7,
    "neg": 1,
    "addl": 47,
    "cmpl": 118,
    "jle": 11,
    "movzbl": 105,
    "jg": 10,
    "jae": 44,
    "jbe": 10,
    "jns": 10,
    "js": 4,
    "jl": 7,
    "rep": 3,
    "sete": 5,
    "jge": 3,
    "or": 6,
    "cmovae": 1,
    "setne": 11,
    "shl": 4,
    "movsbl": 4,
    "movzwl": 2,
    "jb": 3,
    "imul": 3,
    "pushl": 4
  }
]