[
  {
    "control": 2700,
    "stack_op": 419,
    "mov": 13040,
    "others": 3069,
    "control_proportion": 0.14042022051175368,
    "stack_op_proportion": 0.021791137923861035,
    "mov_proportion": 0.6781776575826919,
    "others_proportion": 0.15961098398169338
  },
  {
    "xor": 865,
    "pop": 128,
    "mov": 11571,
    "and": 29,
    "push": 205,
    "call": 954,
    "add": 896,
    "lea": 185,
    "hlt": 1,
    "ret": 144,
    "xchg": 36,
    "nop": 23,
    "repz": 3,
    "sub": 171,
    "cmp": 237,
    "ja": 45,
    "test": 180,
    "je": 274,
    "movl": 912,
    "leave": 84,
    "sar": 3,
    "shr": 32,
    "jne": 171,
    "cmpb": 56,
    "movb": 124,
    "jmp": 330,
    "cmpl": 170,
    "jbe": 24,
    "divl": 9,
    "neg": 1,
    "addl": 83,
    "movzbl": 402,
    "movsbl": 21,
    "jb": 23,
    "movzwl": 10,
    "sete": 11,
    "subl": 4,
    "jns": 11,
    "shld": 11,
    "shl": 27,
    "shrd": 7,
    "jae": 47,
    "setne": 12,
    "adcl": 5,
    "or": 43,
    "jle": 7,
    "andb": 2,
    "jg": 11,
    "jl": 5,
    "js": 9,
    "adc": 578,
    "rep": 2,
    "imul": 10,
    "cltd": 2,
    "mul": 1,
    "orl": 2,
    "jge": 2,
    "div": 8,
    "bsr": 2,
    "mull": 2,
    "sbb": 3,
    "pushl": 2
  }
]