[
  {
    "control": 2036,
    "stack_op": 340,
    "mov": 3807,
    "others": 812,
    "control_proportion": 0.2910650464617584,
    "stack_op_proportion": 0.04860614724803431,
    "mov_proportion": 0.5442458899213725,
    "others_proportion": 0.11608291636883489
  },
  {
    "xor": 43,
    "pop": 74,
    "mov": 3110,
    "and": 20,
    "push": 175,
    "call": 510,
    "add": 260,
    "lea": 129,
    "hlt": 1,
    "ret": 132,
    "xchg": 32,
    "nop": 16,
    "repz": 3,
    "sub": 168,
    "cmp": 198,
    "ja": 31,
    "test": 171,
    "je": 241,
    "movl": 417,
    "leave": 89,
    "sar": 3,
    "shr": 8,
    "jne": 166,
    "cmpb": 39,
    "movb": 104,
    "jmp": 287,
    "movzbl": 151,
    "movzwl": 6,
    "addl": 60,
    "cmpl": 154,
    "jb": 8,
    "shl": 24,
    "js": 11,
    "jns": 8,
    "jbe": 7,
    "cmovbe": 2,
    "setne": 11,
    "jle": 9,
    "subl": 1,
    "sete": 7,
    "movsbl": 19,
    "adc": 1,
    "jae": 43,
    "jl": 6,
    "jg": 13,
    "rep": 1,
    "or": 9,
    "divl": 6,
    "imul": 4,
    "div": 1,
    "orl": 1,
    "neg": 1,
    "jge": 2,
    "pushl": 2
  }
]