[
  {
    "control": 1740,
    "stack_op": 325,
    "mov": 3263,
    "others": 855,
    "control_proportion": 0.2814167879670063,
    "stack_op_proportion": 0.052563480511078765,
    "mov_proportion": 0.5277373443312308,
    "others_proportion": 0.13828238719068414
  },
  {
    "xor": 60,
    "pop": 91,
    "mov": 2634,
    "and": 26,
    "push": 163,
    "call": 411,
    "add": 266,
    "lea": 135,
    "hlt": 1,
    "ret": 119,
    "xchg": 32,
    "nop": 14,
    "repz": 3,
    "sub": 142,
    "cmp": 173,
    "ja": 37,
    "test": 129,
    "je": 195,
    "movl": 304,
    "leave": 69,
    "sar": 7,
    "shr": 23,
    "jne": 152,
    "cmpb": 41,
    "movb": 84,
    "jmp": 239,
    "addl": 51,
    "cmpl": 148,
    "or": 19,
    "jae": 47,
    "sbb": 1,
    "jbe": 8,
    "cmovbe": 1,
    "jb": 13,
    "mul": 4,
    "shl": 18,
    "movzbl": 187,
    "movsbl": 50,
    "jg": 7,
    "jle": 8,
    "jge": 3,
    "subl": 13,
    "not": 1,
    "setne": 10,
    "sete": 6,
    "rep": 1,
    "movzwl": 4,
    "jl": 4,
    "jns": 4,
    "divl": 7,
    "imul": 5,
    "cltd": 2,
    "js": 2,
    "orl": 1,
    "div": 4,
    "bsr": 1,
    "mull": 1,
    "pushl": 2
  }
]