[
  {
    "control": 1783,
    "stack_op": 307,
    "mov": 3830,
    "others": 1356,
    "control_proportion": 0.24505222649807587,
    "stack_op_proportion": 0.04219351291918637,
    "mov_proportion": 0.5263881253435954,
    "others_proportion": 0.1863661352391424
  },
  {
    "xor": 175,
    "pop": 79,
    "mov": 3156,
    "and": 60,
    "push": 154,
    "call": 451,
    "add": 457,
    "lea": 147,
    "hlt": 1,
    "ret": 117,
    "xchg": 33,
    "nop": 18,
    "repz": 3,
    "sub": 181,
    "cmp": 178,
    "ja": 30,
    "test": 140,
    "je": 222,
    "movl": 393,
    "leave": 72,
    "sar": 3,
    "shr": 18,
    "jne": 133,
    "cmpb": 51,
    "movb": 111,
    "jmp": 233,
    "cmpl": 130,
    "jbe": 9,
    "divl": 8,
    "neg": 1,
    "addl": 82,
    "movzbl": 156,
    "movsbl": 10,
    "jb": 11,
    "movzwl": 4,
    "sete": 9,
    "subl": 4,
    "jae": 43,
    "setne": 11,
    "adcl": 5,
    "or": 32,
    "jle": 7,
    "andb": 2,
    "jg": 9,
    "js": 6,
    "jns": 7,
    "shl": 10,
    "cmovbe": 1,
    "andl": 1,
    "setb": 1,
    "rorl": 64,
    "not": 16,
    "rep": 1,
    "jl": 4,
    "imul": 3,
    "jge": 2,
    "div": 4,
    "bsr": 1,
    "sbb": 3,
    "mull": 1,
    "pushl": 2
  }
]