[
  {
    "control": 1787,
    "stack_op": 311,
    "mov": 4478,
    "others": 1873,
    "control_proportion": 0.2115043200378743,
    "stack_op_proportion": 0.03680908983311634,
    "mov_proportion": 0.5300035507160611,
    "others_proportion": 0.22168303941294829
  },
  {
    "xor": 375,
    "pop": 83,
    "mov": 3802,
    "and": 104,
    "push": 156,
    "call": 452,
    "add": 464,
    "lea": 196,
    "hlt": 1,
    "ret": 117,
    "xchg": 33,
    "nop": 19,
    "repz": 3,
    "sub": 178,
    "cmp": 178,
    "ja": 30,
    "test": 140,
    "je": 222,
    "movl": 395,
    "leave": 70,
    "sar": 3,
    "shr": 37,
    "jne": 133,
    "cmpb": 51,
    "movb": 111,
    "jmp": 234,
    "cmpl": 131,
    "jbe": 9,
    "divl": 8,
    "neg": 1,
    "addl": 68,
    "movzbl": 156,
    "movsbl": 10,
    "jb": 11,
    "movzwl": 4,
    "sete": 9,
    "subl": 4,
    "jae": 43,
    "setne": 11,
    "adcl": 5,
    "or": 83,
    "jle": 8,
    "andb": 2,
    "jg": 9,
    "js": 6,
    "jns": 7,
    "shl": 29,
    "cmovbe": 1,
    "andl": 1,
    "setb": 1,
    "ror": 144,
    "rorl": 80,
    "rep": 1,
    "jl": 4,
    "imul": 3,
    "jge": 2,
    "div": 4,
    "bsr": 1,
    "sbb": 3,
    "mull": 1,
    "pushl": 2
  }
]