[
  {
    "control": 1446,
    "stack_op": 280,
    "mov": 2810,
    "others": 603,
    "control_proportion": 0.28137769994162287,
    "stack_op_proportion": 0.05448530842576377,
    "mov_proportion": 0.5467989881299864,
    "others_proportion": 0.11733800350262696
  },
  {
    "xor": 36,
    "pop": 65,
    "mov": 2337,
    "and": 20,
    "push": 145,
    "call": 346,
    "add": 197,
    "lea": 86,
    "hlt": 1,
    "ret": 109,
    "xchg": 25,
    "nop": 13,
    "repz": 3,
    "sub": 122,
    "cmp": 125,
    "ja": 25,
    "test": 113,
    "je": 161,
    "movl": 303,
    "leave": 68,
    "sar": 3,
    "shr": 11,
    "jne": 125,
    "cmpb": 41,
    "movb": 88,
    "jmp": 195,
    "addl": 48,
    "cmpl": 125,
    "jns": 11,
    "neg": 3,
    "sete": 5,
    "movzbl": 76,
    "jle": 7,
    "js": 3,
    "shl": 5,
    "rep": 1,
    "setne": 10,
    "jae": 41,
    "jbe": 3,
    "jg": 5,
    "movsbl": 4,
    "movzwl": 2,
    "jb": 5,
    "or": 5,
    "jl": 4,
    "divl": 6,
    "imul": 3,
    "jge": 2,
    "pushl": 2
  }
]