[
  {
    "control": 1484,
    "stack_op": 302,
    "mov": 2717,
    "others": 699,
    "control_proportion": 0.28527489427143404,
    "stack_op_proportion": 0.058054594386774315,
    "mov_proportion": 0.5222991157247212,
    "others_proportion": 0.13437139561707034
  },
  {
    "xor": 40,
    "pop": 84,
    "mov": 2221,
    "and": 22,
    "push": 151,
    "call": 355,
    "add": 210,
    "lea": 78,
    "hlt": 1,
    "ret": 111,
    "xchg": 35,
    "nop": 16,
    "repz": 3,
    "sub": 135,
    "cmp": 150,
    "ja": 39,
    "test": 113,
    "je": 157,
    "movl": 280,
    "leave": 65,
    "sar": 5,
    "shr": 13,
    "jne": 116,
    "cmpb": 43,
    "movb": 106,
    "jmp": 190,
    "addl": 49,
    "cmpl": 115,
    "jns": 6,
    "movzbl": 96,
    "adc": 6,
    "jb": 18,
    "jae": 44,
    "adcl": 2,
    "or": 21,
    "setne": 14,
    "sbb": 9,
    "movzwl": 6,
    "js": 2,
    "jg": 6,
    "jge": 4,
    "shl": 13,
    "jbe": 5,
    "movsbl": 8,
    "imul": 7,
    "mul": 2,
    "jle": 6,
    "rep": 1,
    "sete": 4,
    "jl": 4,
    "divl": 7,
    "div": 4,
    "bsr": 1,
    "mull": 1,
    "pushl": 2
  }
]