[
  {
    "control": 1787,
    "stack_op": 310,
    "mov": 3255,
    "others": 726,
    "control_proportion": 0.29401118789075353,
    "stack_op_proportion": 0.05100361961171438,
    "mov_proportion": 0.5355380059230009,
    "others_proportion": 0.1194471865745311
  },
  {
    "xor": 49,
    "pop": 65,
    "mov": 2636,
    "and": 23,
    "push": 160,
    "call": 448,
    "add": 233,
    "lea": 97,
    "hlt": 1,
    "ret": 122,
    "xchg": 27,
    "nop": 14,
    "repz": 3,
    "sub": 152,
    "cmp": 167,
    "ja": 28,
    "test": 150,
    "je": 214,
    "movl": 368,
    "leave": 83,
    "sar": 3,
    "shr": 8,
    "jne": 149,
    "cmpb": 48,
    "movb": 106,
    "jmp": 242,
    "movzbl": 121,
    "movzwl": 6,
    "addl": 56,
    "cmpl": 130,
    "jle": 7,
    "jg": 11,
    "jbe": 4,
    "jae": 47,
    "jb": 6,
    "cmovbe": 1,
    "setne": 13,
    "or": 12,
    "adc": 2,
    "movsbl": 18,
    "andb": 2,
    "adcl": 1,
    "jge": 3,
    "shl": 6,
    "imul": 9,
    "js": 4,
    "rep": 1,
    "sete": 4,
    "jl": 4,
    "jns": 3,
    "divl": 6,
    "div": 1,
    "orl": 1,
    "neg": 1,
    "pushl": 2
  }
]